(2062, 64, 64)
(2062, 10)
Training set feature matrix shape: (1649, 64, 64)
Training set classification matrix shape: (1649, 10)
Testing set feature matrix shape: (413, 64, 64)
Testing set classification matrix shape: (413, 10)
------------------------------------------------
n:  4096 ; m:  1649
(1649, 4096)
Training set rolled feature matrix shape:  (1649, 4096)
Training set rolled classification matrix shape:  (1649,)
------------------------------------------------
nt:  4096 ; mt:  413
Testing set rolled feature matrix shape:  (413, 4096)
Testing set rolled classification matrix shape:  (413,)
>>>  [8 3 2 ... 2 5 8]
{0: 162, 1: 165, 2: 173, 3: 152, 4: 162, 5: 169, 6: 165, 7: 162, 8: 169, 9: 170}
{0: 43, 1: 41, 2: 33, 3: 54, 4: 45, 5: 38, 6: 42, 7: 44, 8: 39, 9: 34}
GOOD: -------- newton-cg  -  l2  -  c --------
In  -325.5815939903259  s
train accuracy: 0.9526986052152819 
test accuracy: 0.7360774818401937 
scores2:  {0: array([[0.70606061, 0.74242424, 0.74242424, 0.74545455, 0.73030303],
       [0.69393939, 0.73030303, 0.74545455, 0.72727273, 0.72121212],
       [0.72727273, 0.74242424, 0.76363636, 0.76060606, 0.75757576],
       [0.75757576, 0.78484848, 0.79090909, 0.8       , 0.78787879],
       [0.75075988, 0.78419453, 0.78723404, 0.77507599, 0.78115502]]), 1: array([[0.70606061, 0.74242424, 0.74242424, 0.74545455, 0.73030303],
       [0.69393939, 0.73030303, 0.74545455, 0.72727273, 0.72121212],
       [0.72727273, 0.74242424, 0.76363636, 0.76060606, 0.75757576],
       [0.75757576, 0.78484848, 0.79090909, 0.8       , 0.78787879],
       [0.75075988, 0.78419453, 0.78723404, 0.77507599, 0.78115502]]), 2: array([[0.70606061, 0.74242424, 0.74242424, 0.74545455, 0.73030303],
       [0.69393939, 0.73030303, 0.74545455, 0.72727273, 0.72121212],
       [0.72727273, 0.74242424, 0.76363636, 0.76060606, 0.75757576],
       [0.75757576, 0.78484848, 0.79090909, 0.8       , 0.78787879],
       [0.75075988, 0.78419453, 0.78723404, 0.77507599, 0.78115502]]), 3: array([[0.70606061, 0.74242424, 0.74242424, 0.74545455, 0.73030303],
       [0.69393939, 0.73030303, 0.74545455, 0.72727273, 0.72121212],
       [0.72727273, 0.74242424, 0.76363636, 0.76060606, 0.75757576],
       [0.75757576, 0.78484848, 0.79090909, 0.8       , 0.78787879],
       [0.75075988, 0.78419453, 0.78723404, 0.77507599, 0.78115502]]), 4: array([[0.70606061, 0.74242424, 0.74242424, 0.74545455, 0.73030303],
       [0.69393939, 0.73030303, 0.74545455, 0.72727273, 0.72121212],
       [0.72727273, 0.74242424, 0.76363636, 0.76060606, 0.75757576],
       [0.75757576, 0.78484848, 0.79090909, 0.8       , 0.78787879],
       [0.75075988, 0.78419453, 0.78723404, 0.77507599, 0.78115502]]), 5: array([[0.70606061, 0.74242424, 0.74242424, 0.74545455, 0.73030303],
       [0.69393939, 0.73030303, 0.74545455, 0.72727273, 0.72121212],
       [0.72727273, 0.74242424, 0.76363636, 0.76060606, 0.75757576],
       [0.75757576, 0.78484848, 0.79090909, 0.8       , 0.78787879],
       [0.75075988, 0.78419453, 0.78723404, 0.77507599, 0.78115502]]), 6: array([[0.70606061, 0.74242424, 0.74242424, 0.74545455, 0.73030303],
       [0.69393939, 0.73030303, 0.74545455, 0.72727273, 0.72121212],
       [0.72727273, 0.74242424, 0.76363636, 0.76060606, 0.75757576],
       [0.75757576, 0.78484848, 0.79090909, 0.8       , 0.78787879],
       [0.75075988, 0.78419453, 0.78723404, 0.77507599, 0.78115502]]), 7: array([[0.70606061, 0.74242424, 0.74242424, 0.74545455, 0.73030303],
       [0.69393939, 0.73030303, 0.74545455, 0.72727273, 0.72121212],
       [0.72727273, 0.74242424, 0.76363636, 0.76060606, 0.75757576],
       [0.75757576, 0.78484848, 0.79090909, 0.8       , 0.78787879],
       [0.75075988, 0.78419453, 0.78723404, 0.77507599, 0.78115502]]), 8: array([[0.70606061, 0.74242424, 0.74242424, 0.74545455, 0.73030303],
       [0.69393939, 0.73030303, 0.74545455, 0.72727273, 0.72121212],
       [0.72727273, 0.74242424, 0.76363636, 0.76060606, 0.75757576],
       [0.75757576, 0.78484848, 0.79090909, 0.8       , 0.78787879],
       [0.75075988, 0.78419453, 0.78723404, 0.77507599, 0.78115502]]), 9: array([[0.70606061, 0.74242424, 0.74242424, 0.74545455, 0.73030303],
       [0.69393939, 0.73030303, 0.74545455, 0.72727273, 0.72121212],
       [0.72727273, 0.74242424, 0.76363636, 0.76060606, 0.75757576],
       [0.75757576, 0.78484848, 0.79090909, 0.8       , 0.78787879],
       [0.75075988, 0.78419453, 0.78723404, 0.77507599, 0.78115502]])}
Cs2:  [0.01 0.03 0.1  0.3  1.  ]
best C:  [0.1 0.1 0.1 0.1 0.1 0.1 0.1 0.1 0.1 0.1]

## NOTA: falta o outro solver
