(2062, 64, 64)
(2062, 10)
Training set feature matrix shape: (1649, 64, 64)
Training set classification matrix shape: (1649, 10)
Testing set feature matrix shape: (413, 64, 64)
Testing set classification matrix shape: (413, 10)
------------------------------------------------
n:  4096 ; m:  1649
(1649, 4096)
Training set rolled feature matrix shape:  (1649, 4096)
Training set rolled classification matrix shape:  (1649,)
------------------------------------------------
nt:  4096 ; mt:  413
Testing set rolled feature matrix shape:  (413, 4096)
Testing set rolled classification matrix shape:  (413,)
>>>  [8 3 2 ... 2 5 8]
{0: 162, 1: 165, 2: 173, 3: 152, 4: 162, 5: 169, 6: 165, 7: 162, 8: 169, 9: 170}
{0: 43, 1: 41, 2: 33, 3: 54, 4: 45, 5: 38, 6: 42, 7: 44, 8: 39, 9: 34}
GOOD: -------- newton-cg  -  l2  -  c --------
In  -218.14525246620178  s
train accuracy: 0.9702850212249848 
test accuracy: 0.7360774818401937 
scores:  {0: array([[0.74545455, 0.74242424, 0.74545455],
       [0.72727273, 0.74545455, 0.74545455],
       [0.74848485, 0.76363636, 0.76666667],
       [0.78484848, 0.79090909, 0.7969697 ],
       [0.79635258, 0.78723404, 0.78723404]]), 1: array([[0.74545455, 0.74242424, 0.74545455],
       [0.72727273, 0.74545455, 0.74545455],
       [0.74848485, 0.76363636, 0.76666667],
       [0.78484848, 0.79090909, 0.7969697 ],
       [0.79635258, 0.78723404, 0.78723404]]), 2: array([[0.74545455, 0.74242424, 0.74545455],
       [0.72727273, 0.74545455, 0.74545455],
       [0.74848485, 0.76363636, 0.76666667],
       [0.78484848, 0.79090909, 0.7969697 ],
       [0.79635258, 0.78723404, 0.78723404]]), 3: array([[0.74545455, 0.74242424, 0.74545455],
       [0.72727273, 0.74545455, 0.74545455],
       [0.74848485, 0.76363636, 0.76666667],
       [0.78484848, 0.79090909, 0.7969697 ],
       [0.79635258, 0.78723404, 0.78723404]]), 4: array([[0.74545455, 0.74242424, 0.74545455],
       [0.72727273, 0.74545455, 0.74545455],
       [0.74848485, 0.76363636, 0.76666667],
       [0.78484848, 0.79090909, 0.7969697 ],
       [0.79635258, 0.78723404, 0.78723404]]), 5: array([[0.74545455, 0.74242424, 0.74545455],
       [0.72727273, 0.74545455, 0.74545455],
       [0.74848485, 0.76363636, 0.76666667],
       [0.78484848, 0.79090909, 0.7969697 ],
       [0.79635258, 0.78723404, 0.78723404]]), 6: array([[0.74545455, 0.74242424, 0.74545455],
       [0.72727273, 0.74545455, 0.74545455],
       [0.74848485, 0.76363636, 0.76666667],
       [0.78484848, 0.79090909, 0.7969697 ],
       [0.79635258, 0.78723404, 0.78723404]]), 7: array([[0.74545455, 0.74242424, 0.74545455],
       [0.72727273, 0.74545455, 0.74545455],
       [0.74848485, 0.76363636, 0.76666667],
       [0.78484848, 0.79090909, 0.7969697 ],
       [0.79635258, 0.78723404, 0.78723404]]), 8: array([[0.74545455, 0.74242424, 0.74545455],
       [0.72727273, 0.74545455, 0.74545455],
       [0.74848485, 0.76363636, 0.76666667],
       [0.78484848, 0.79090909, 0.7969697 ],
       [0.79635258, 0.78723404, 0.78723404]]), 9: array([[0.74545455, 0.74242424, 0.74545455],
       [0.72727273, 0.74545455, 0.74545455],
       [0.74848485, 0.76363636, 0.76666667],
       [0.78484848, 0.79090909, 0.7969697 ],
       [0.79635258, 0.78723404, 0.78723404]])}
Cs:  [0.05 0.1  0.15]
best C:  [0.15 0.15 0.15 0.15 0.15 0.15 0.15 0.15 0.15 0.15]
in:  218.1881308555603
GOOD: -------- lbfgs  -  l2  -  c --------
In  -271.3972911834717  s
train accuracy: 0.9702850212249848 
test accuracy: 0.738498789346247 
scores:  {0: array([[0.74848485, 0.74242424, 0.74545455],
       [0.73030303, 0.74848485, 0.74242424],
       [0.74848485, 0.76363636, 0.76363636],
       [0.78484848, 0.79090909, 0.7969697 ],
       [0.79635258, 0.78723404, 0.78723404]]), 1: array([[0.74848485, 0.74242424, 0.74545455],
       [0.73030303, 0.74848485, 0.74242424],
       [0.74848485, 0.76363636, 0.76363636],
       [0.78484848, 0.79090909, 0.7969697 ],
       [0.79635258, 0.78723404, 0.78723404]]), 2: array([[0.74848485, 0.74242424, 0.74545455],
       [0.73030303, 0.74848485, 0.74242424],
       [0.74848485, 0.76363636, 0.76363636],
       [0.78484848, 0.79090909, 0.7969697 ],
       [0.79635258, 0.78723404, 0.78723404]]), 3: array([[0.74848485, 0.74242424, 0.74545455],
       [0.73030303, 0.74848485, 0.74242424],
       [0.74848485, 0.76363636, 0.76363636],
       [0.78484848, 0.79090909, 0.7969697 ],
       [0.79635258, 0.78723404, 0.78723404]]), 4: array([[0.74848485, 0.74242424, 0.74545455],
       [0.73030303, 0.74848485, 0.74242424],
       [0.74848485, 0.76363636, 0.76363636],
       [0.78484848, 0.79090909, 0.7969697 ],
       [0.79635258, 0.78723404, 0.78723404]]), 5: array([[0.74848485, 0.74242424, 0.74545455],
       [0.73030303, 0.74848485, 0.74242424],
       [0.74848485, 0.76363636, 0.76363636],
       [0.78484848, 0.79090909, 0.7969697 ],
       [0.79635258, 0.78723404, 0.78723404]]), 6: array([[0.74848485, 0.74242424, 0.74545455],
       [0.73030303, 0.74848485, 0.74242424],
       [0.74848485, 0.76363636, 0.76363636],
       [0.78484848, 0.79090909, 0.7969697 ],
       [0.79635258, 0.78723404, 0.78723404]]), 7: array([[0.74848485, 0.74242424, 0.74545455],
       [0.73030303, 0.74848485, 0.74242424],
       [0.74848485, 0.76363636, 0.76363636],
       [0.78484848, 0.79090909, 0.7969697 ],
       [0.79635258, 0.78723404, 0.78723404]]), 8: array([[0.74848485, 0.74242424, 0.74545455],
       [0.73030303, 0.74848485, 0.74242424],
       [0.74848485, 0.76363636, 0.76363636],
       [0.78484848, 0.79090909, 0.7969697 ],
       [0.79635258, 0.78723404, 0.78723404]]), 9: array([[0.74848485, 0.74242424, 0.74545455],
       [0.73030303, 0.74848485, 0.74242424],
       [0.74848485, 0.76363636, 0.76363636],
       [0.78484848, 0.79090909, 0.7969697 ],
       [0.79635258, 0.78723404, 0.78723404]])}
Cs:  [0.05 0.1  0.15]
best C:  [0.15 0.15 0.15 0.15 0.15 0.15 0.15 0.15 0.15 0.15]
in:  271.4403483867645
